16 14
00 00 00 00 00 00 00 00 00 00 00 00 00 00
00 00 00 00 05 00 00 00 00 00 00 00 00 00
00 30 20 20 00 00 00 00 00 00 00 00 00 00
00 30 10 20 00 00 00 00 00 10 00 00 00 00
00 00 20 10 00 00 00 00 00 00 00 00 00 00
00 00 10 20 00 00 00 00 00 00 00 00 00 00
10 10 20 00 00 00 00 00 00 00 00 00 00 05
30 30 20 00 00 00 00 00 00 00 00 00 00 00
10 20 20 00 10 10 10 20 10 10 10 10 00 00
30 10 10 00 10 00 00 00 00 00 00 00 00 00
00 00 30 00 20 00 00 00 00 00 00 00 00 00
00 00 00 00 00 00 00 00 00 00 00 00 00 00
00 00 10 00 00 00 00 00 00 00 00 00 00 00
00 00 20 00 00 00 00 00 00 00 00 00 22 22
00 00 10 00 00 00 00 12 30 20 20 20 00 00
00 00 00 00 00 05 00 10 10 00 00 00 00 00
player_E 5 75
TEAMNTB_F 2 96
