19 18
00 00 00 00 00 00 00 00 00 00 00 00 00 00 00 00 00 00 
00 00 00 00 00 00 00 00 00 10 10 00 00 00 00 00 00 00 
00 00 00 00 30 00 00 00 10 10 30 20 10 00 00 00 00 00 
00 00 00 30 10 00 00 00 20 10 10 10 30 10 00 00 00 00 
00 00 00 00 30 00 00 00 10 10 10 10 10 10 20 00 20 00 
00 00 00 05 00 00 00 00 20 10 00 00 00 00 00 00 00 00 
00 00 00 00 30 00 00 00 00 00 00 00 00 00 00 00 00 00 
00 00 20 00 10 00 00 00 00 00 00 00 00 00 00 00 00 00 
00 10 30 00 10 00 00 00 00 00 00 00 00 00 00 00 00 00 
00 20 20 00 10 00 00 00 00 00 00 00 00 00 00 00 00 00 
00 00 20 00 10 00 00 00 00 00 00 00 00 00 00 00 00 00 
00 10 10 00 20 00 00 00 20 20 30 00 00 00 00 00 00 00 
00 20 30 00 10 00 00 00 30 30 20 30 10 20 20 22 22 12 
00 00 20 00 20 00 00 00 30 10 10 10 10 10 10 20 00 00 
00 00 10 00 10 00 00 00 05 10 10 10 20 20 10 20 00 00 
00 00 00 00 00 00 00 00 00 20 10 10 10 10 10 20 00 00 
00 00 00 00 00 00 05 00 00 30 20 10 10 20 20 00 00 00 
00 00 00 00 00 00 00 00 00 10 20 00 00 20 30 00 00 00 
00 00 00 00 00 00 00 00 00 20 00 00 00 00 00 00 00 00 
player_E 5 117
TEAMNTB_F 2 111
