19 18
00 00 00 00 00 00 00 00 00 00 00 00 00 00 00 00 00 00
00 00 00 00 00 00 00 00 00 10 10 00 00 00 00 00 00 00
00 00 00 00 30 00 00 00 10 10 30 20 10 00 00 00 00 00
00 00 00 30 10 00 00 00 20 10 10 10 30 10 00 00 00 00
00 00 00 00 30 00 00 00 10 10 10 10 10 10 20 00 20 00
00 00 00 05 00 00 00 00 20 10 00 00 00 00 00 00 00 00
00 00 00 00 30 00 00 00 00 00 00 00 00 00 00 00 00 00
00 00 20 00 10 00 00 00 00 00 00 00 00 00 00 00 00 00
00 10 30 00 10 00 00 00 00 00 00 00 00 00 00 00 00 00
00 20 20 00 10 00 00 00 00 00 00 00 00 00 00 00 00 00
00 00 20 00 10 00 00 00 00 00 00 00 00 00 00 00 00 00
00 10 10 00 20 00 00 00 00 00 30 00 00 00 00 00 00 00
00 20 30 00 10 00 00 00 00 00 00 00 00 00 00 00 22 12
00 00 20 00 20 00 00 00 00 00 00 00 00 00 00 00 00 00
00 00 10 00 10 00 00 00 00 00 00 00 00 00 00 00 00 00
00 00 00 00 00 00 00 00 00 00 00 00 00 00 12 20 00 00
00 00 00 00 00 00 05 00 00 00 20 10 10 20 20 00 00 00
00 00 00 00 00 00 00 00 00 00 20 00 00 20 30 00 00 00
00 00 00 00 00 00 00 00 00 05 00 00 00 00 00 00 00 00
player_E 5 140
TEAMNTB_F 2 142
