20 19
00 00 00 00 00 00 00 01 00 00 00 00 00 00 00 00 00 00 00
00 00 00 00 00 00 20 20 20 00 00 00 00 00 00 00 00 00 00
00 00 00 00 00 00 00 00 00 10 10 10 10 00 00 00 00 00 00
00 00 10 10 00 00 00 01 00 10 10 00 20 00 00 00 00 00 00
00 10 10 10 10 10 10 00 00 20 10 00 10 10 00 00 00 00 00
00 00 00 00 00 00 00 00 00 20 20 10 10 30 10 00 00 00 00
00 00 00 00 00 03 00 00 00 00 00 00 10 10 20 00 02 00 00
10 00 10 10 10 00 10 10 00 00 00 00 00 00 00 00 00 00 00
00 00 10 00 00 00 00 00 00 10 00 03 03 00 00 00 00 00 00
00 00 00 00 00 10 00 10 00 00 00 00 00 00 00 00 10 00 00
00 00 10 20 00 00 00 20 10 00 00 00 00 00 00 00 01 00 00
20 10 00 10 10 10 10 00 00 00 00 00 00 20 10 10 20 10 00
20 00 00 00 00 00 00 00 20 00 10 10 00 10 10 10 10 00 00
00 00 00 00 10 10 10 00 00 00 00 00 00 00 10 00 00 00 00
02 00 10 00 10 20 20 00 10 00 10 20 00 10 00 00 00 00 00
00 10 00 00 10 10 00 00 00 10 10 00 20 20 00 00 00 00 00
00 00 10 20 10 20 10 20 20 10 20 20 20 00 00 00 00 00 00
00 00 00 00 10 10 00 00 00 00 00 00 00 20 00 00 00 00 00
00 00 00 00 00 00 10 00 10 00 20 00 02 00 00 00 00 00 00
00 00 00 00 20 20 00 00 10 00 00 00 00 00 00 00 00 00 00
GrupaPiotrKuba 1 201
Team-E 2 33
Pengwings 3 63