20 9
00 00 00 00 00 00 00 01 00 00 00 00 00 00 00 00 00 00 00 
00 00 00 00 00 00 20 20 20 00 00 00 00 00 00 00 00 00 00 
00 00 00 00 00 00 00 00 00 04 04 04 04 00 00 00 00 00 00 
00 00 04 04 00 00 00 01 00 04 04 00 20 00 00 00 00 00 00 
00 04 04 04 04 04 04 00 00 20 04 00 04 04 00 00 00 00 00 
00 00 00 00 00 00 00 00 00 20 20 04 04 30 04 00 00 00 00 
00 00 00 00 00 03 00 00 00 00 00 00 04 04 20 00 02 00 00 
04 00 04 04 04 00 04 04 00 00 00 00 00 00 00 00 00 00 00 
00 00 04 00 00 00 00 00 00 04 00 03 03 00 00 00 00 00 00 
00 00 00 00 00 04 00 04 00 00 00 00 00 00 00 00 04 00 00 
00 00 04 20 00 00 00 20 04 00 00 00 00 00 00 00 00 00 00 
20 04 00 04 04 04 04 00 00 00 00 00 00 20 04 04 01 04 00 
20 00 00 00 00 00 00 00 20 00 04 04 00 04 04 04 04 00 00 
00 00 00 00 04 04 04 00 00 00 00 00 00 00 04 00 00 00 00 
02 00 04 00 04 20 20 00 04 00 04 20 00 04 00 00 00 00 00 
00 04 00 00 04 04 00 00 00 04 04 00 20 20 00 00 00 00 00 
00 00 04 20 04 20 04 20 20 04 20 20 20 00 00 00 00 00 00 
00 00 00 00 04 04 00 00 00 00 00 00 00 20 00 00 00 00 00 
00 00 00 00 00 00 04 00 04 00 20 00 02 00 00 00 00 00 00 
00 00 00 00 20 20 00 00 04 00 00 00 00 00 00 00 00 00 00 
GrupaPiotrKuba 1 203
Team-E 2 33
Pengwings 3 63
Pingwiniarze 4 72
